19800101
19800102
19800103
19800104
19800105
19800106
19800107
19800108
19800109
19800110
19800111
19800112
19800113
19800114
19800115
19800116
19800117
19800118
19800119
19800120
19800121
19800122
19800123
19800124
19800125
19800126
19800127
19800128
19800129
19800130
19800131
19800201
19800202
19800203
19800204
19800205
19800206
19800207
19800208
19800209
19800210
19800211
19800212
19800213
19800214
19800215
19800216
19800217
19800218
19800219
19800220
19800221
19800222
19800223
19800224
19800225
19800226
19800227
19800228
19800229
19800301
19800302
19800303
19800304
19800305
19800306
19800307
19800308
19800309
19800310
19800311
19800312
19800313
19800314
19800315
19800316
19800317
19800318
19800319
19800320
19800321
19800322
19800323
19800324
19800325
19800326
19800327
19800328
19800329
19800330
19800331
19800401
19800402
19800403
19800404
19800405
19800406
19800407
19800408
19800409
19800410
19800411
19800412
19800413
19800414
19800415
19800416
19800417
19800418
19800419
19800420
19800421
19800422
19800423
19800424
19800425
19800426
19800427
19800428
19800429
19800430
19800501
19800502
19800503
19800504
19800505
19800506
19800507
19800508
19800509
19800510
19800511
19800512
19800513
19800514
19800515
19800516
19800517
19800518
19800519
19800520
19800521
19800522
19800523
19800524
19800525
19800526
19800527
19800528
19800529
19800530
19800531
19800601
19800602
19800603
19800604
19800605
19800606
19800607
19800608
19800609
19800610
19800611
19800612
19800613
19800614
19800615
19800616
19800617
19800618
19800619
19800620
19800621
19800622
19800623
19800624
19800625
19800626
19800627
19800628
19800629
19800630
19800701
19800702
19800703
19800704
19800705
19800706
19800707
19800708
19800709
19800710
19800711
19800712
19800713
19800714
19800715
19800716
19800717
19800718
19800719
19800720
19800721
19800722
19800723
19800724
19800725
19800726
19800727
19800728
19800729
19800730
19800731
19800801
19800802
19800803
19800804
19800805
19800806
19800807
19800808
19800809
19800810
19800811
19800812
19800813
19800814
19800815
19800816
19800817
19800818
19800819
19800820
19800821
19800822
19800823
19800824
19800825
19800826
19800827
19800828
19800829
19800830
19800831
19800901
19800902
19800903
19800904
19800905
19800906
19800907
19800908
19800909
19800910
19800911
19800912
19800913
19800914
19800915
19800916
19800917
19800918
19800919
19800920
19800921
19800922
19800923
19800924
19800925
19800926
19800927
19800928
19800929
19800930
19801001
19801002
19801003
19801004
19801005
19801006
19801007
19801008
19801009
19801010
19801011
19801012
19801013
19801014
19801015
19801016
19801017
19801018
19801019
19801020
19801021
19801022
19801023
19801024
19801025
19801026
19801027
19801028
19801029
19801030
19801031
19801101
19801102
19801103
19801104
19801105
19801106
19801107
19801108
19801109
19801110
19801111
19801112
19801113
19801114
19801115
19801116
19801117
19801118
19801119
19801120
19801121
19801122
19801123
19801124
19801125
19801126
19801127
19801128
19801129
19801130
19801201
19801202
19801203
19801204
19801205
19801206
19801207
19801208
19801209
19801210
19801211
19801212
19801213
19801214
19801215
19801216
19801217
19801218
19801219
19801220
19801221
19801222
19801223
19801224
19801225
19801226
19801227
19801228
19801229
19801230
19801231
19810101
19810102
19810103
19810104
19810105
19810106
19810107
19810108
19810109
19810110
19810111
19810112
19810113
19810114
19810115
19810116
19810117
19810118
19810119
19810120
19810121
19810122
19810123
19810124
19810125
19810126
19810127
19810128
19810129
19810130
19810131
19810201
19810202
19810203
19810204
19810205
19810206
19810207
19810208
19810209
19810210
19810211
19810212
19810213
19810214
19810215
19810216
19810217
19810218
19810219
19810220
19810221
19810222
19810223
19810224
19810225
19810226
19810227
19810228
19810301
19810302
19810303
19810304
19810305
19810306
19810307
19810308
19810309
19810310
19810311
19810312
19810313
19810314
19810315
19810316
19810317
19810318
19810319
19810320
19810321
19810322
19810323
19810324
19810325
19810326
19810327
19810328
19810329
19810330
19810331
19810401
19810402
19810403
19810404
19810405
19810406
19810407
19810408
19810409
19810410
19810411
19810412
19810413
19810414
19810415
19810416
19810417
19810418
19810419
19810420
19810421
19810422
19810423
19810424
19810425
19810426
19810427
19810428
19810429
19810430
19810501
19810502
19810503
19810504
19810505
19810506
19810507
19810508
19810509
19810510
19810511
19810512
19810513
19810514
19810515
19810516
19810517
19810518
19810519
19810520
19810521
19810522
19810523
19810524
19810525
19810526
19810527
19810528
19810529
19810530
19810531
19810601
19810602
19810603
19810604
19810605
19810606
19810607
19810608
19810609
19810610
19810611
19810612
19810613
19810614
19810615
19810616
19810617
19810618
19810619
19810620
19810621
19810622
19810623
19810624
19810625
19810626
19810627
19810628
19810629
19810630
19810701
19810702
19810703
19810704
19810705
19810706
19810707
19810708
19810709
19810710
19810711
19810712
19810713
19810714
19810715
19810716
19810717
19810718
19810719
19810720
19810721
19810722
19810723
19810724
19810725
19810726
19810727
19810728
19810729
19810730
19810731
19810801
19810802
19810803
19810804
19810805
19810806
19810807
19810808
19810809
19810810
19810811
19810812
19810813
19810814
19810815
19810816
19810817
19810818
19810819
19810820
19810821
19810822
19810823
19810824
19810825
19810826
19810827
19810828
19810829
19810830
19810831
19810901
19810902
19810903
19810904
19810905
19810906
19810907
19810908
19810909
19810910
19810911
19810912
19810913
19810914
19810915
19810916
19810917
19810918
19810919
19810920
19810921
19810922
19810923
19810924
19810925
19810926
19810927
19810928
19810929
19810930
19811001
19811002
19811003
19811004
19811005
19811006
19811007
19811008
19811009
19811010
19811011
19811012
19811013
19811014
19811015
19811016
19811017
19811018
19811019
19811020
19811021
19811022
19811023
19811024
19811025
19811026
19811027
19811028
19811029
19811030
19811031
19811101
19811102
19811103
19811104
19811105
19811106
19811107
19811108
19811109
19811110
19811111
19811112
19811113
19811114
19811115
19811116
19811117
19811118
19811119
19811120
19811121
19811122
19811123
19811124
19811125
19811126
19811127
19811128
19811129
19811130
19811201
19811202
19811203
19811204
19811205
19811206
19811207
19811208
19811209
19811210
19811211
19811212
19811213
19811214
19811215
19811216
19811217
19811218
19811219
19811220
19811221
19811222
19811223
19811224
19811225
19811226
19811227
19811228
19811229
19811230
19811231
19820101
19820102
19820103
19820104
19820105
19820106
19820107
19820108
19820109
19820110
19820111
19820112
19820113
19820114
19820115
19820116
19820117
19820118
19820119
19820120
19820121
19820122
19820123
19820124
19820125
19820126
19820127
19820128
19820129
19820130
19820131
19820201
19820202
19820203
19820204
19820205
19820206
19820207
19820208
19820209
19820210
19820211
19820212
19820213
19820214
19820215
19820216
19820217
19820218
19820219
19820220
19820221
19820222
19820223
19820224
19820225
19820226
19820227
19820228
19820301
19820302
19820303
19820304
19820305
19820306
19820307
19820308
19820309
19820310
19820311
19820312
19820313
19820314
19820315
19820316
19820317
19820318
19820319
19820320
19820321
19820322
19820323
19820324
19820325
19820326
19820327
19820328
19820329
19820330
19820331
19820401
19820402
19820403
19820404
19820405
19820406
19820407
19820408
19820409
19820410
19820411
19820412
19820413
19820414
19820415
19820416
19820417
19820418
19820419
19820420
19820421
19820422
19820423
19820424
19820425
19820426
19820427
19820428
19820429
19820430
19820501
19820502
19820503
19820504
19820505
19820506
19820507
19820508
19820509
19820510
19820511
19820512
19820513
19820514
19820515
19820516
19820517
19820518
19820519
19820520
19820521
19820522
19820523
19820524
19820525
19820526
19820527
19820528
19820529
19820530
19820531
19820601
19820602
19820603
19820604
19820605
19820606
19820607
19820608
19820609
19820610
19820611
19820612
19820613
19820614
19820615
19820616
19820617
19820618
19820619
19820620
19820621
19820622
19820623
19820624
19820625
19820626
19820627
19820628
19820629
19820630
19820701
19820702
19820703
19820704
19820705
19820706
19820707
19820708
19820709
19820710
19820711
19820712
19820713
19820714
19820715
19820716
19820717
19820718
19820719
19820720
19820721
19820722
19820723
19820724
19820725
19820726
19820727
19820728
19820729
19820730
19820731
19820801
19820802
19820803
19820804
19820805
19820806
19820807
19820808
19820809
19820810
19820811
19820812
19820813
19820814
19820815
19820816
19820817
19820818
19820819
19820820
19820821
19820822
19820823
19820824
19820825
19820826
19820827
19820828
19820829
19820830
19820831
19820901
19820902
19820903
19820904
19820905
19820906
19820907
19820908
19820909
19820910
19820911
19820912
19820913
19820914
19820915
19820916
19820917
19820918
19820919
19820920
19820921
19820922
19820923
19820924
19820925
198209